name=nfidd-diff
status=ok
transform=fourthroot
mean_wis=2.043562429893495
sd_wis=1.4094836617438609
log_mean_wis=0.8847708132163249
log_sd_wis=0.5314253321899399
coverage50=0.07801573426573427
coverage90=0.19340034965034966
prior_frac_outside=0.6115865384615384
prior_frac_nonfinite=0.0
max_abs_acf1=0.9619978600518577
frac_bad_draws=0.0
n_tasks=176
n_splits=4
n_failed_splits=0
worst_region=HHS Region 6
worst_region_wis=3.9099803823512005
worst_time=2016-12-24
worst_time_wis=3.1108659056012233
