name=nfidd-tv-ar
status=ok
transform=fourthroot
mean_wis=0.6550894961375316
sd_wis=0.5473843504128966
log_mean_wis=0.16914827145762493
log_sd_wis=0.15529270763697756
coverage50=0.1201923076923077
coverage90=0.2954545454545454
prior_frac_outside=0.5662368881118881
prior_frac_nonfinite=0.0
max_abs_acf1=0.9331465830690586
frac_bad_draws=0.0
n_tasks=88
n_splits=4
n_failed_splits=2
worst_region=HHS Region 9
worst_region_wis=1.175761013303336
worst_time=2017-02-25
worst_time_wis=0.9266322573171927
