name=nfidd-base-log
status=ok
transform=log
mean_wis=1.2195169958918195
sd_wis=0.9608927496545295
log_mean_wis=0.40392135560904224
log_sd_wis=0.25319355074498057
coverage50=0.035402097902097904
coverage90=0.08719405594405594
prior_frac_outside=0.2136909965034965
prior_frac_nonfinite=0.0
max_abs_acf1=0.9654046106440661
frac_bad_draws=0.0
n_tasks=176
n_splits=4
n_failed_splits=0
worst_region=HHS Region 6
worst_region_wis=3.1017863231023357
worst_time=2016-12-24
worst_time_wis=1.3046361129819866
